cl = 0.000145116101
cd = 0.016569818600
cm = 0.000000000000
mflux = 0.000000000000
status = 0
